ID,Constituency,Region,seat_types_yg,Colors,Cluster
E14000554,Berwick-upon-Tweed,North East,con safe,#2CBDFE,0
E14000569,Bishop Auckland,North East,con lab marginal,#2CBDFE,0
E14000574,Blaydon,North East,lab safe,#2CBDFE,0
E14000575,Blyth Valley,North East,con lab marginal,#2CBDFE,0
E14000641,City of Durham,North East,con lab marginal,#2CBDFE,0
E14000658,Darlington,North East,con lab marginal,#2CBDFE,0
E14000677,Easington,North East,lab safe,#2CBDFE,0
E14000709,Gateshead,North East,lab safe,#2CBDFE,0
E14000733,Hartlepool,North East,con lab marginal,#2CBDFE,0
E14000746,Hexham,North East,con safe,#2CBDFE,0
E14000754,Houghton and Sunderland South,North East,lab safe,#2CBDFE,0
E14000765,Jarrow,North East,lab safe,#2CBDFE,0
E14000819,Middlesbrough,North East,lab safe,#2CBDFE,0
E14000820,Middlesbrough South and East Cleveland,North East,con safe,#2CBDFE,0
E14000831,Newcastle upon Tyne Central,North East,lab safe,#47DBCD,1
E14000832,Newcastle upon Tyne East,North East,lab safe,#47DBCD,1
E14000833,Newcastle upon Tyne North,North East,con lab marginal,#2CBDFE,0
E14000840,North Durham,North East,lab safe,#2CBDFE,0
E14000853,North Tyneside,North East,lab safe,#2CBDFE,0
E14000856,North West Durham,North East,con lab marginal,#2CBDFE,0
E14000891,Redcar,North East,con lab marginal,#2CBDFE,0
E14000915,Sedgefield,North East,con lab marginal,#2CBDFE,0
E14000944,South Shields,North East,lab safe,#2CBDFE,0
E14000970,Stockton North,North East,con lab marginal,#2CBDFE,0
E14000971,Stockton South,North East,con lab marginal,#2CBDFE,0
E14000982,Sunderland Central,North East,lab safe,#2CBDFE,0
E14001006,Tynemouth,North East,con lab marginal,#2CBDFE,0
E14001014,Wansbeck,North East,con lab marginal,#2CBDFE,0
E14001020,Washington and Sunderland West,North East,lab safe,#2CBDFE,0
E14000532,Altrincham and Sale West,North West,con safe,#2CBDFE,0
E14000537,Ashton-under-Lyne,North West,con lab marginal,#2CBDFE,0
E14000543,Barrow and Furness,North West,con safe,#2CBDFE,0
E14000559,Birkenhead,North West,lab safe,#2CBDFE,0
E14000570,Blackburn,North West,lab safe,#2CBDFE,0
E14000571,Blackley and Broughton,North West,lab safe,#47DBCD,1
E14000572,Blackpool North and Cleveleys,North West,con safe,#2CBDFE,0
E14000573,Blackpool South,North West,con lab marginal,#2CBDFE,0
E14000578,Bolton North East,North West,con lab marginal,#2CBDFE,0
E14000579,Bolton South East,North West,lab safe,#2CBDFE,0
E14000580,Bolton West,North West,con safe,#2CBDFE,0
E14000581,Bootle,North West,lab safe,#2CBDFE,0
E14000609,Burnley,North West,con lab marginal,#2CBDFE,0
E14000611,Bury North,North West,con lab marginal,#2CBDFE,0
E14000612,Bury South,North West,con lab marginal,#2CBDFE,0
E14000620,Carlisle,North West,con safe,#2CBDFE,0
E14000627,Cheadle,North West,con ld marginal,#2CBDFE,0
E14000640,City of Chester,North West,con lab marginal,#2CBDFE,0
E14000646,Congleton,North West,con safe,#2CBDFE,0
E14000647,Copeland,North West,con safe,#2CBDFE,0
E14000653,Crewe and Nantwich,North West,con lab marginal,#2CBDFE,0
E14000661,Denton and Reddish,North West,lab safe,#2CBDFE,0
E14000686,Eddisbury,North West,con safe,#2CBDFE,0
E14000688,Ellesmere Port and Neston,North West,con lab marginal,#2CBDFE,0
E14000706,Fylde,North West,con safe,#2CBDFE,0
E14000708,Garston and Halewood,North West,lab safe,#2CBDFE,0
E14000725,Halton,North West,lab safe,#2CBDFE,0
E14000738,Hazel Grove,North West,con ld marginal,#2CBDFE,0
E14000747,Heywood and Middleton,North West,con lab marginal,#2CBDFE,0
E14000758,Hyndburn,North West,con lab marginal,#2CBDFE,0
E14000775,Knowsley,North West,lab safe,#2CBDFE,0
E14000776,Lancaster and Fleetwood,North West,con lab marginal,#2CBDFE,0
E14000785,Leigh,North West,con lab marginal,#2CBDFE,0
E14000793,"Liverpool, Riverside",North West,lab safe,#47DBCD,1
E14000794,"Liverpool, Walton",North West,lab safe,#2CBDFE,0
E14000795,"Liverpool, Wavertree",North West,lab safe,#2CBDFE,0
E14000796,"Liverpool, West Derby",North West,lab safe,#2CBDFE,0
E14000802,Macclesfield,North West,con safe,#2CBDFE,0
E14000805,Makerfield,North West,con lab marginal,#2CBDFE,0
E14000807,Manchester Central,North West,lab safe,#47DBCD,1
E14000808,"Manchester, Gorton",North West,lab safe,#47DBCD,1
E14000809,"Manchester, Withington",North West,lab safe,#47DBCD,1
E14000825,Morecambe and Lunesdale,North West,con lab marginal,#2CBDFE,0
E14000870,Oldham East and Saddleworth,North West,con lab marginal,#2CBDFE,0
E14000871,Oldham West and Royton,North West,lab safe,#2CBDFE,0
E14000875,Pendle,North West,con safe,#2CBDFE,0
E14000877,Penrith and The Border,North West,con safe,#2CBDFE,0
E14000885,Preston,North West,lab safe,#2CBDFE,0
E14000894,Ribble Valley,North West,con safe,#2CBDFE,0
E14000897,Rochdale,North West,lab safe,#2CBDFE,0
E14000902,Rossendale and Darwen,North West,con safe,#2CBDFE,0
E14000911,Salford and Eccles,North West,lab safe,#2CBDFE,0
E14000916,Sefton Central,North West,lab safe,#2CBDFE,0
E14000943,South Ribble,North West,con safe,#2CBDFE,0
E14000958,Southport,North West,con safe,#2CBDFE,0
E14000962,St Helens North,North West,lab safe,#2CBDFE,0
E14000963,St Helens South and Whiston,North West,lab safe,#2CBDFE,0
E14000967,Stalybridge and Hyde,North West,con lab marginal,#2CBDFE,0
E14000969,Stockport,North West,lab safe,#2CBDFE,0
E14000979,Stretford and Urmston,North West,lab safe,#2CBDFE,0
E14000987,Tatton,North West,con safe,#2CBDFE,0
E14001010,Wallasey,North West,lab safe,#2CBDFE,0
E14001017,Warrington North,North West,con lab marginal,#2CBDFE,0
E14001018,Warrington South,North West,con lab marginal,#2CBDFE,0
E14001024,Weaver Vale,North West,con lab marginal,#2CBDFE,0
E14001033,West Lancashire,North West,con lab marginal,#2CBDFE,0
E14001037,Westmorland and Lonsdale,North West,con ld marginal,#2CBDFE,0
E14001039,Wigan,North West,con lab marginal,#2CBDFE,0
E14001043,Wirral South,North West,con lab marginal,#2CBDFE,0
E14001044,Wirral West,North West,con lab marginal,#2CBDFE,0
E14001053,Workington,North West,con lab marginal,#2CBDFE,0
E14001054,Worsley and Eccles South,North West,con lab marginal,#2CBDFE,0
E14001057,Wyre and Preston North,North West,con safe,#2CBDFE,0
E14001059,Wythenshawe and Sale East,North West,lab safe,#2CBDFE,0
E14000541,Barnsley Central,Yorkshire and The Humber,lab safe,#2CBDFE,0
E14000542,Barnsley East,Yorkshire and The Humber,con lab marginal,#2CBDFE,0
E14000548,Batley and Spen,Yorkshire and The Humber,con lab marginal,#2CBDFE,0
E14000556,Beverley and Holderness,Yorkshire and The Humber,con safe,#2CBDFE,0
E14000587,Bradford East,Yorkshire and The Humber,lab safe,#47DBCD,1
E14000588,Bradford South,Yorkshire and The Humber,con lab marginal,#2CBDFE,0
E14000589,Bradford West,Yorkshire and The Humber,lab safe,#47DBCD,1
E14000596,Brigg and Goole,Yorkshire and The Humber,con safe,#2CBDFE,0
E14000614,Calder Valley,Yorkshire and The Humber,con lab marginal,#2CBDFE,0
E14000643,Cleethorpes,Yorkshire and The Humber,con safe,#2CBDFE,0
E14000645,Colne Valley,Yorkshire and The Humber,con lab marginal,#2CBDFE,0
E14000666,Dewsbury,Yorkshire and The Humber,con lab marginal,#2CBDFE,0
E14000667,Don Valley,Yorkshire and The Humber,con lab marginal,#2CBDFE,0
E14000668,Doncaster Central,Yorkshire and The Humber,con lab marginal,#2CBDFE,0
E14000669,Doncaster North,Yorkshire and The Humber,con lab marginal,#2CBDFE,0
E14000683,East Yorkshire,Yorkshire and The Humber,con safe,#2CBDFE,0
E14000689,Elmet and Rothwell,Yorkshire and The Humber,con safe,#2CBDFE,0
E14000716,Great Grimsby,Yorkshire and The Humber,con lab marginal,#2CBDFE,0
E14000723,Halifax,Yorkshire and The Humber,con lab marginal,#2CBDFE,0
E14000724,Haltemprice and Howden,Yorkshire and The Humber,con safe,#2CBDFE,0
E14000730,Harrogate and Knaresborough,Yorkshire and The Humber,con safe,#2CBDFE,0
E14000740,Hemsworth,Yorkshire and The Humber,con lab marginal,#2CBDFE,0
E14000756,Huddersfield,Yorkshire and The Humber,con lab marginal,#2CBDFE,0
E14000766,Keighley,Yorkshire and The Humber,con lab marginal,#2CBDFE,0
E14000771,Kingston upon Hull East,Yorkshire and The Humber,con lab marginal,#2CBDFE,0
E14000772,Kingston upon Hull North,Yorkshire and The Humber,lab safe,#2CBDFE,0
E14000773,Kingston upon Hull West and Hessle,Yorkshire and The Humber,con lab marginal,#2CBDFE,0
E14000777,Leeds Central,Yorkshire and The Humber,lab safe,#47DBCD,1
E14000778,Leeds East,Yorkshire and The Humber,lab safe,#2CBDFE,0
E14000779,Leeds North East,Yorkshire and The Humber,lab safe,#47DBCD,1
E14000780,Leeds North West,Yorkshire and The Humber,lab safe,#2CBDFE,0
E14000781,Leeds West,Yorkshire and The Humber,lab safe,#2CBDFE,0
E14000826,Morley and Outwood,Yorkshire and The Humber,con safe,#2CBDFE,0
E14000836,"Normanton, Pontefract and Castleford",Yorkshire and The Humber,con lab marginal,#2CBDFE,0
E14000876,Penistone and Stocksbridge,Yorkshire and The Humber,con lab marginal,#2CBDFE,0
E14000886,Pudsey,Yorkshire and The Humber,con lab marginal,#2CBDFE,0
E14000895,Richmond (Yorks),Yorkshire and The Humber,con safe,#2CBDFE,0
E14000903,Rother Valley,Yorkshire and The Humber,con lab marginal,#2CBDFE,0
E14000904,Rotherham,Yorkshire and The Humber,con lab marginal,#2CBDFE,0
E14000913,Scarborough and Whitby,Yorkshire and The Humber,con safe,#2CBDFE,0
E14000914,Scunthorpe,Yorkshire and The Humber,con lab marginal,#2CBDFE,0
E14000917,Selby and Ainsty,Yorkshire and The Humber,con safe,#2CBDFE,0
E14000919,Sheffield Central,Yorkshire and The Humber,lab safe,#47DBCD,1
E14000920,Sheffield South East,Yorkshire and The Humber,con lab marginal,#2CBDFE,0
E14000921,"Sheffield, Brightside and Hillsborough",Yorkshire and The Humber,lab safe,#2CBDFE,0
E14000922,"Sheffield, Hallam",Yorkshire and The Humber,lab ld marginal,#2CBDFE,0
E14000923,"Sheffield, Heeley",Yorkshire and The Humber,lab safe,#2CBDFE,0
E14000925,Shipley,Yorkshire and The Humber,con lab marginal,#2CBDFE,0
E14000928,Skipton and Ripon,Yorkshire and The Humber,con safe,#2CBDFE,0
E14000993,Thirsk and Malton,Yorkshire and The Humber,con safe,#2CBDFE,0
E14001009,Wakefield,Yorkshire and The Humber,con lab marginal,#2CBDFE,0
E14001028,Wentworth and Dearne,Yorkshire and The Humber,con lab marginal,#2CBDFE,0
E14001061,York Central,Yorkshire and The Humber,lab safe,#2CBDFE,0
E14001062,York Outer,Yorkshire and The Humber,con safe,#2CBDFE,0
E14000533,Amber Valley,East Midlands,con safe,#2CBDFE,0
E14000535,Ashfield,East Midlands,con lab marginal,#2CBDFE,0
E14000546,Bassetlaw,East Midlands,con lab marginal,#2CBDFE,0
E14000577,Bolsover,East Midlands,con lab marginal,#2CBDFE,0
E14000582,Boston and Skegness,East Midlands,con safe,#2CBDFE,0
E14000583,Bosworth,East Midlands,con safe,#2CBDFE,0
E14000607,Broxtowe,East Midlands,con lab marginal,#2CBDFE,0
E14000625,Charnwood,East Midlands,con safe,#2CBDFE,0
E14000632,Chesterfield,East Midlands,con lab marginal,#2CBDFE,0
E14000648,Corby,East Midlands,con safe,#2CBDFE,0
E14000660,Daventry,East Midlands,con safe,#2CBDFE,0
E14000662,Derby North,East Midlands,con lab marginal,#2CBDFE,0
E14000663,Derby South,East Midlands,con lab marginal,#2CBDFE,0
E14000664,Derbyshire Dales,East Midlands,con safe,#2CBDFE,0
E14000695,Erewash,East Midlands,con safe,#2CBDFE,0
E14000707,Gainsborough,East Midlands,con safe,#2CBDFE,0
E14000710,Gedling,East Midlands,con lab marginal,#2CBDFE,0
E14000714,Grantham and Stamford,East Midlands,con safe,#2CBDFE,0
E14000728,Harborough,East Midlands,con safe,#2CBDFE,0
E14000748,High Peak,East Midlands,con lab marginal,#2CBDFE,0
E14000769,Kettering,East Midlands,con safe,#2CBDFE,0
E14000782,Leicester East,East Midlands,lab safe,#47DBCD,1
E14000783,Leicester South,East Midlands,lab safe,#47DBCD,1
E14000784,Leicester West,East Midlands,lab safe,#47DBCD,1
E14000792,Lincoln,East Midlands,con lab marginal,#2CBDFE,0
E14000797,Loughborough,East Midlands,con lab marginal,#2CBDFE,0
E14000798,Louth and Horncastle,East Midlands,con safe,#2CBDFE,0
E14000810,Mansfield,East Midlands,con safe,#2CBDFE,0
E14000814,Mid Derbyshire,East Midlands,con safe,#2CBDFE,0
E14000829,Newark,East Midlands,con safe,#2CBDFE,0
E14000843,North East Derbyshire,East Midlands,con safe,#2CBDFE,0
E14000858,North West Leicestershire,East Midlands,con safe,#2CBDFE,0
E14000861,Northampton North,East Midlands,con lab marginal,#2CBDFE,0
E14000862,Northampton South,East Midlands,con safe,#2CBDFE,0
E14000865,Nottingham East,East Midlands,lab safe,#47DBCD,1
E14000866,Nottingham North,East Midlands,lab safe,#2CBDFE,0
E14000867,Nottingham South,East Midlands,lab safe,#47DBCD,1
E14000908,Rushcliffe,East Midlands,con safe,#2CBDFE,0
E14000909,Rutland and Melton,East Midlands,con safe,#2CBDFE,0
E14000924,Sherwood,East Midlands,con safe,#2CBDFE,0
E14000929,Sleaford and North Hykeham,East Midlands,con safe,#2CBDFE,0
E14000935,South Derbyshire,East Midlands,con safe,#2CBDFE,0
E14000939,South Holland and The Deepings,East Midlands,con safe,#2CBDFE,0
E14000940,South Leicestershire,East Midlands,con safe,#2CBDFE,0
E14000942,South Northamptonshire,East Midlands,con safe,#2CBDFE,0
E14001025,Wellingborough,East Midlands,con safe,#2CBDFE,0
E14000531,Aldridge-Brownhills,West Midlands,con safe,#2CBDFE,0
E14000560,"Birmingham, Edgbaston",West Midlands,con lab marginal,#47DBCD,1
E14000561,"Birmingham, Erdington",West Midlands,con lab marginal,#2CBDFE,0
E14000562,"Birmingham, Hall Green",West Midlands,lab safe,#47DBCD,1
E14000563,"Birmingham, Hodge Hill",West Midlands,lab safe,#47DBCD,1
E14000564,"Birmingham, Ladywood",West Midlands,lab safe,#47DBCD,1
E14000565,"Birmingham, Northfield",West Midlands,con lab marginal,#2CBDFE,0
E14000566,"Birmingham, Perry Barr",West Midlands,lab safe,#47DBCD,1
E14000567,"Birmingham, Selly Oak",West Midlands,lab safe,#47DBCD,1
E14000568,"Birmingham, Yardley",West Midlands,lab safe,#2CBDFE,0
E14000605,Bromsgrove,West Midlands,con safe,#2CBDFE,0
E14000610,Burton,West Midlands,con safe,#2CBDFE,0
E14000618,Cannock Chase,West Midlands,con safe,#2CBDFE,0
E14000649,Coventry North East,West Midlands,lab safe,#47DBCD,1
E14000650,Coventry North West,West Midlands,con lab marginal,#2CBDFE,0
E14000651,Coventry South,West Midlands,con lab marginal,#47DBCD,1
E14000671,Dudley North,West Midlands,con lab marginal,#2CBDFE,0
E14000672,Dudley South,West Midlands,con safe,#2CBDFE,0
E14000722,Halesowen and Rowley Regis,West Midlands,con safe,#2CBDFE,0
E14000743,Hereford and South Herefordshire,West Midlands,con safe,#2CBDFE,0
E14000767,Kenilworth and Southam,West Midlands,con safe,#2CBDFE,0
E14000791,Lichfield,West Midlands,con safe,#2CBDFE,0
E14000799,Ludlow,West Midlands,con safe,#2CBDFE,0
E14000812,Meriden,West Midlands,con safe,#2CBDFE,0
E14000818,Mid Worcestershire,West Midlands,con safe,#2CBDFE,0
E14000834,Newcastle-under-Lyme,West Midlands,con lab marginal,#2CBDFE,0
E14000847,North Herefordshire,West Midlands,con safe,#2CBDFE,0
E14000849,North Shropshire,West Midlands,con safe,#2CBDFE,0
E14000854,North Warwickshire,West Midlands,con safe,#2CBDFE,0
E14000868,Nuneaton,West Midlands,con safe,#2CBDFE,0
E14000892,Redditch,West Midlands,con safe,#2CBDFE,0
E14000905,Rugby,West Midlands,con safe,#2CBDFE,0
E14000926,Shrewsbury and Atcham,West Midlands,con safe,#2CBDFE,0
E14000931,Solihull,West Midlands,con safe,#2CBDFE,0
E14000945,South Staffordshire,West Midlands,con safe,#2CBDFE,0
E14000965,Stafford,West Midlands,con safe,#2CBDFE,0
E14000966,Staffordshire Moorlands,West Midlands,con safe,#2CBDFE,0
E14000972,Stoke-on-Trent Central,West Midlands,con lab marginal,#2CBDFE,0
E14000973,Stoke-on-Trent North,West Midlands,con lab marginal,#2CBDFE,0
E14000974,Stoke-on-Trent South,West Midlands,con safe,#2CBDFE,0
E14000975,Stone,West Midlands,con safe,#2CBDFE,0
E14000976,Stourbridge,West Midlands,con safe,#2CBDFE,0
E14000977,Stratford-on-Avon,West Midlands,con safe,#2CBDFE,0
E14000985,Sutton Coldfield,West Midlands,con safe,#2CBDFE,0
E14000986,Tamworth,West Midlands,con safe,#2CBDFE,0
E14000989,Telford,West Midlands,con safe,#2CBDFE,0
E14000992,The Wrekin,West Midlands,con safe,#2CBDFE,0
E14001011,Walsall North,West Midlands,con safe,#2CBDFE,0
E14001012,Walsall South,West Midlands,con lab marginal,#2CBDFE,0
E14001016,Warley,West Midlands,lab safe,#47DBCD,1
E14001019,Warwick and Leamington,West Midlands,con lab marginal,#2CBDFE,0
E14001029,West Bromwich East,West Midlands,con lab marginal,#2CBDFE,0
E14001030,West Bromwich West,West Midlands,con lab marginal,#2CBDFE,0
E14001035,West Worcestershire,West Midlands,con safe,#2CBDFE,0
E14001049,Wolverhampton North East,West Midlands,con lab marginal,#2CBDFE,0
E14001050,Wolverhampton South East,West Midlands,con lab marginal,#2CBDFE,0
E14001051,Wolverhampton South West,West Midlands,con lab marginal,#2CBDFE,0
E14001052,Worcester,West Midlands,con safe,#2CBDFE,0
E14001058,Wyre Forest,West Midlands,con safe,#2CBDFE,0
E14000544,Basildon and Billericay,East of England,con safe,#2CBDFE,0
E14000552,Bedford,East of England,con lab marginal,#2CBDFE,0
E14000590,Braintree,East of England,con safe,#2CBDFE,0
E14000594,Brentwood and Ongar,East of England,con safe,#2CBDFE,0
E14000603,Broadland,East of England,con safe,#2CBDFE,0
E14000606,Broxbourne,East of England,con safe,#2CBDFE,0
E14000613,Bury St Edmunds,East of England,con safe,#2CBDFE,0
E14000617,Cambridge,East of England,lab safe,#47DBCD,1
E14000622,Castle Point,East of England,con safe,#2CBDFE,0
E14000624,Central Suffolk and North Ipswich,East of England,con safe,#2CBDFE,0
E14000628,Chelmsford,East of England,con safe,#2CBDFE,0
E14000642,Clacton,East of England,con safe,#2CBDFE,0
E14000644,Colchester,East of England,con safe,#2CBDFE,0
E14000693,Epping Forest,East of England,con safe,#2CBDFE,0
E14000717,Great Yarmouth,East of England,con safe,#2CBDFE,0
E14000729,Harlow,East of England,con safe,#2CBDFE,0
E14000734,Harwich and North Essex,East of England,con safe,#2CBDFE,0
E14000739,Hemel Hempstead,East of England,con safe,#2CBDFE,0
E14000744,Hertford and Stortford,East of England,con safe,#2CBDFE,0
E14000745,Hertsmere,East of England,con safe,#2CBDFE,0
E14000749,Hitchin and Harpenden,East of England,con safe,#2CBDFE,0
E14000757,Huntingdon,East of England,con safe,#2CBDFE,0
E14000761,Ipswich,East of England,con lab marginal,#2CBDFE,0
E14000800,Luton North,East of England,con lab marginal,#47DBCD,1
E14000801,Luton South,East of England,lab safe,#47DBCD,1
E14000806,Maldon,East of England,con safe,#2CBDFE,0
E14000813,Mid Bedfordshire,East of England,con safe,#2CBDFE,0
E14000816,Mid Norfolk,East of England,con safe,#2CBDFE,0
E14000841,North East Bedfordshire,East of England,con safe,#2CBDFE,0
E14000842,North East Cambridgeshire,East of England,con safe,#2CBDFE,0
E14000845,North East Hertfordshire,East of England,con safe,#2CBDFE,0
E14000848,North Norfolk,East of England,con ld marginal,#2CBDFE,0
E14000855,North West Cambridgeshire,East of England,con safe,#2CBDFE,0
E14000859,North West Norfolk,East of England,con safe,#2CBDFE,0
E14000863,Norwich North,East of England,con lab marginal,#2CBDFE,0
E14000864,Norwich South,East of England,lab safe,#47DBCD,1
E14000878,Peterborough,East of England,con lab marginal,#2CBDFE,0
E14000888,Rayleigh and Wickford,East of England,con safe,#2CBDFE,0
E14000899,Rochford and Southend East,East of England,con safe,#2CBDFE,0
E14000910,Saffron Walden,East of England,con safe,#2CBDFE,0
E14000933,South Basildon and East Thurrock,East of England,con safe,#2CBDFE,0
E14000934,South Cambridgeshire,East of England,con ld marginal,#2CBDFE,0
E14000937,South East Cambridgeshire,East of England,con safe,#2CBDFE,0
E14000941,South Norfolk,East of England,con safe,#2CBDFE,0
E14000946,South Suffolk,East of England,con safe,#2CBDFE,0
E14000949,South West Bedfordshire,East of England,con safe,#2CBDFE,0
E14000951,South West Hertfordshire,East of England,con safe,#2CBDFE,0
E14000952,South West Norfolk,East of England,con safe,#2CBDFE,0
E14000957,Southend West,East of England,con safe,#2CBDFE,0
E14000960,St Albans,East of England,con ld marginal,#2CBDFE,0
E14000968,Stevenage,East of England,con safe,#2CBDFE,0
E14000981,Suffolk Coastal,East of England,con safe,#2CBDFE,0
E14000995,Thurrock,East of England,con safe,#2CBDFE,0
E14001021,Watford,East of England,con safe,#47DBCD,1
E14001022,Waveney,East of England,con safe,#2CBDFE,0
E14001027,Welwyn Hatfield,East of England,con safe,#2CBDFE,0
E14001034,West Suffolk,East of England,con safe,#2CBDFE,0
E14001045,Witham,East of England,con safe,#2CBDFE,0
E14000540,Barking,London,lab safe,#47DBCD,1
E14000549,Battersea,London,con lab marginal,#47DBCD,1
E14000551,Beckenham,London,con safe,#2CBDFE,0
E14000553,Bermondsey and Old Southwark,London,lab safe,#47DBCD,1
E14000555,Bethnal Green and Bow,London,lab safe,#47DBCD,1
E14000558,Bexleyheath and Crayford,London,con safe,#2CBDFE,0
E14000591,Brent Central,London,lab safe,#47DBCD,1
E14000592,Brent North,London,lab safe,#47DBCD,1
E14000593,Brentford and Isleworth,London,con lab marginal,#47DBCD,1
E14000604,Bromley and Chislehurst,London,con safe,#2CBDFE,0
E14000615,Camberwell and Peckham,London,lab safe,#47DBCD,1
E14000621,Carshalton and Wallington,London,con ld marginal,#2CBDFE,0
E14000629,Chelsea and Fulham,London,con ld marginal,#47DBCD,1
E14000634,Chingford and Woodford Green,London,con lab marginal,#47DBCD,1
E14000636,Chipping Barnet,London,con lab marginal,#47DBCD,1
E14000639,Cities of London and Westminster,London,con lab marginal,#47DBCD,1
E14000654,Croydon Central,London,con lab marginal,#47DBCD,1
E14000655,Croydon North,London,lab safe,#47DBCD,1
E14000656,Croydon South,London,con safe,#2CBDFE,0
E14000657,Dagenham and Rainham,London,con lab marginal,#2CBDFE,0
E14000673,Dulwich and West Norwood,London,lab safe,#47DBCD,1
E14000674,Ealing Central and Acton,London,lab safe,#47DBCD,1
E14000675,Ealing North,London,lab safe,#47DBCD,1
E14000676,"Ealing, Southall",London,lab safe,#47DBCD,1
E14000679,East Ham,London,lab safe,#47DBCD,1
E14000687,Edmonton,London,lab safe,#47DBCD,1
E14000690,Eltham,London,con lab marginal,#47DBCD,1
E14000691,Enfield North,London,con lab marginal,#47DBCD,1
E14000692,"Enfield, Southgate",London,con lab marginal,#47DBCD,1
E14000696,Erith and Thamesmead,London,con lab marginal,#47DBCD,1
E14000701,Feltham and Heston,London,lab safe,#47DBCD,1
E14000703,Finchley and Golders Green,London,con safe,#47DBCD,1
E14000718,Greenwich and Woolwich,London,lab safe,#47DBCD,1
E14000720,Hackney North and Stoke Newington,London,lab safe,#47DBCD,1
E14000721,Hackney South and Shoreditch,London,lab safe,#47DBCD,1
E14000726,Hammersmith,London,lab safe,#47DBCD,1
E14000727,Hampstead and Kilburn,London,lab safe,#47DBCD,1
E14000731,Harrow East,London,con lab marginal,#47DBCD,1
E14000732,Harrow West,London,lab safe,#47DBCD,1
E14000737,Hayes and Harlington,London,lab safe,#47DBCD,1
E14000741,Hendon,London,con lab marginal,#47DBCD,1
E14000750,Holborn and St Pancras,London,lab safe,#47DBCD,1
E14000751,Hornchurch and Upminster,London,con safe,#2CBDFE,0
E14000752,Hornsey and Wood Green,London,lab safe,#47DBCD,1
E14000759,Ilford North,London,con lab marginal,#47DBCD,1
E14000760,Ilford South,London,lab safe,#47DBCD,1
E14000763,Islington North,London,lab safe,#47DBCD,1
E14000764,Islington South and Finsbury,London,lab safe,#47DBCD,1
E14000768,Kensington,London,con ld marginal,#47DBCD,1
E14000770,Kingston and Surbiton,London,ld safe,#47DBCD,1
E14000787,Lewisham East,London,lab safe,#47DBCD,1
E14000788,Lewisham West and Penge,London,lab safe,#47DBCD,1
E14000789,"Lewisham, Deptford",London,lab safe,#47DBCD,1
E14000790,Leyton and Wanstead,London,lab safe,#47DBCD,1
E14000823,Mitcham and Morden,London,lab safe,#47DBCD,1
E14000869,Old Bexley and Sidcup,London,con safe,#2CBDFE,0
E14000872,Orpington,London,con safe,#2CBDFE,0
E14000882,Poplar and Limehouse,London,lab safe,#47DBCD,1
E14000887,Putney,London,con lab marginal,#47DBCD,1
E14000896,Richmond Park,London,con ld marginal,#47DBCD,1
E14000900,Romford,London,con safe,#2CBDFE,0
E14000906,"Ruislip, Northwood and Pinner",London,con safe,#47DBCD,1
E14000978,Streatham,London,lab safe,#47DBCD,1
E14000984,Sutton and Cheam,London,con safe,#2CBDFE,0
E14000998,Tooting,London,lab safe,#47DBCD,1
E14001002,Tottenham,London,lab safe,#47DBCD,1
E14001005,Twickenham,London,ld safe,#47DBCD,1
E14001007,Uxbridge and South Ruislip,London,con lab marginal,#47DBCD,1
E14001008,Vauxhall,London,lab safe,#47DBCD,1
E14001013,Walthamstow,London,lab safe,#47DBCD,1
E14001032,West Ham,London,lab safe,#47DBCD,1
E14001036,Westminster North,London,lab safe,#47DBCD,1
E14001040,Wimbledon,London,con ld marginal,#47DBCD,1
E14000530,Aldershot,South East,con safe,#2CBDFE,0
E14000534,Arundel and South Downs,South East,con safe,#2CBDFE,0
E14000536,Ashford,South East,con safe,#2CBDFE,0
E14000538,Aylesbury,South East,con safe,#2CBDFE,0
E14000539,Banbury,South East,con safe,#2CBDFE,0
E14000545,Basingstoke,South East,con safe,#2CBDFE,0
E14000550,Beaconsfield,South East,con safe,#2CBDFE,0
E14000557,Bexhill and Battle,South East,con safe,#2CBDFE,0
E14000576,Bognor Regis and Littlehampton,South East,con safe,#2CBDFE,0
E14000586,Bracknell,South East,con safe,#2CBDFE,0
E14000597,"Brighton, Kemptown",South East,lab safe,#2CBDFE,0
E14000598,"Brighton, Pavilion",South East,green safe,#47DBCD,1
E14000608,Buckingham,South East,con safe,#2CBDFE,0
E14000619,Canterbury,South East,con lab marginal,#2CBDFE,0
E14000626,Chatham and Aylesford,South East,con safe,#2CBDFE,0
E14000631,Chesham and Amersham,South East,con safe,#2CBDFE,0
E14000633,Chichester,South East,con safe,#2CBDFE,0
E14000652,Crawley,South East,con lab marginal,#2CBDFE,0
E14000659,Dartford,South East,con safe,#2CBDFE,0
E14000670,Dover,South East,con safe,#2CBDFE,0
E14000680,East Hampshire,South East,con safe,#2CBDFE,0
E14000681,East Surrey,South East,con safe,#2CBDFE,0
E14000682,East Worthing and Shoreham,South East,con safe,#2CBDFE,0
E14000684,Eastbourne,South East,con ld marginal,#2CBDFE,0
E14000685,Eastleigh,South East,con safe,#2CBDFE,0
E14000694,Epsom and Ewell,South East,con safe,#2CBDFE,0
E14000697,Esher and Walton,South East,con ld marginal,#2CBDFE,0
E14000699,Fareham,South East,con safe,#2CBDFE,0
E14000700,Faversham and Mid Kent,South East,con safe,#2CBDFE,0
E14000704,Folkestone and Hythe,South East,con safe,#2CBDFE,0
E14000711,Gillingham and Rainham,South East,con safe,#2CBDFE,0
E14000713,Gosport,South East,con safe,#2CBDFE,0
E14000715,Gravesham,South East,con safe,#2CBDFE,0
E14000719,Guildford,South East,con ld marginal,#2CBDFE,0
E14000735,Hastings and Rye,South East,con lab marginal,#2CBDFE,0
E14000736,Havant,South East,con safe,#2CBDFE,0
E14000742,Henley,South East,con safe,#2CBDFE,0
E14000753,Horsham,South East,con safe,#2CBDFE,0
E14000755,Hove,South East,lab safe,#47DBCD,1
E14000762,Isle of Wight,South East,con safe,#2CBDFE,0
E14000786,Lewes,South East,con ld marginal,#2CBDFE,0
E14000803,Maidenhead,South East,con safe,#2CBDFE,0
E14000804,Maidstone and The Weald,South East,con safe,#2CBDFE,0
E14000811,Meon Valley,South East,con safe,#2CBDFE,0
E14000817,Mid Sussex,South East,con safe,#2CBDFE,0
E14000821,Milton Keynes North,South East,con lab marginal,#2CBDFE,0
E14000822,Milton Keynes South,South East,con lab marginal,#2CBDFE,0
E14000824,Mole Valley,South East,con safe,#2CBDFE,0
E14000827,New Forest East,South East,con safe,#2CBDFE,0
E14000828,New Forest West,South East,con safe,#2CBDFE,0
E14000830,Newbury,South East,con safe,#2CBDFE,0
E14000844,North East Hampshire,South East,con safe,#2CBDFE,0
E14000852,North Thanet,South East,con safe,#2CBDFE,0
E14000857,North West Hampshire,South East,con safe,#2CBDFE,0
E14000873,Oxford East,South East,lab safe,#47DBCD,1
E14000874,Oxford West and Abingdon,South East,ld safe,#2CBDFE,0
E14000883,Portsmouth North,South East,con safe,#2CBDFE,0
E14000884,Portsmouth South,South East,con lab marginal,#47DBCD,1
E14000889,Reading East,South East,con lab marginal,#47DBCD,1
E14000890,Reading West,South East,con lab marginal,#2CBDFE,0
E14000893,Reigate,South East,con safe,#2CBDFE,0
E14000898,Rochester and Strood,South East,con safe,#2CBDFE,0
E14000901,Romsey and Southampton North,South East,con safe,#2CBDFE,0
E14000907,Runnymede and Weybridge,South East,con safe,#2CBDFE,0
E14000918,Sevenoaks,South East,con safe,#2CBDFE,0
E14000927,Sittingbourne and Sheppey,South East,con safe,#2CBDFE,0
E14000930,Slough,South East,lab safe,#47DBCD,1
E14000948,South Thanet,South East,con safe,#2CBDFE,0
E14000953,South West Surrey,South East,con safe,#2CBDFE,0
E14000955,"Southampton, Itchen",South East,con lab marginal,#2CBDFE,0
E14000956,"Southampton, Test",South East,lab safe,#47DBCD,1
E14000959,Spelthorne,South East,con safe,#2CBDFE,0
E14000983,Surrey Heath,South East,con safe,#2CBDFE,0
E14000997,Tonbridge and Malling,South East,con safe,#2CBDFE,0
E14001004,Tunbridge Wells,South East,con safe,#2CBDFE,0
E14001015,Wantage,South East,con safe,#2CBDFE,0
E14001023,Wealden,South East,con safe,#2CBDFE,0
E14001041,Winchester,South East,con ld marginal,#2CBDFE,0
E14001042,Windsor,South East,con safe,#2CBDFE,0
E14001046,Witney,South East,con safe,#2CBDFE,0
E14001047,Woking,South East,con safe,#2CBDFE,0
E14001048,Wokingham,South East,con ld marginal,#2CBDFE,0
E14001055,Worthing West,South East,con safe,#2CBDFE,0
E14001056,Wycombe,South East,con lab marginal,#2CBDFE,0
E14000547,Bath,South West,ld safe,#47DBCD,1
E14000584,Bournemouth East,South West,con safe,#2CBDFE,0
E14000585,Bournemouth West,South West,con safe,#2CBDFE,0
E14000595,Bridgwater and West Somerset,South West,con safe,#2CBDFE,0
E14000599,Bristol East,South West,lab safe,#2CBDFE,0
E14000600,Bristol North West,South West,con lab marginal,#2CBDFE,0
E14000601,Bristol South,South West,lab safe,#2CBDFE,0
E14000602,Bristol West,South West,lab safe,#47DBCD,1
E14000616,Camborne and Redruth,South West,con lab marginal,#2CBDFE,0
E14000623,Central Devon,South West,con safe,#2CBDFE,0
E14000630,Cheltenham,South West,con ld marginal,#2CBDFE,0
E14000635,Chippenham,South West,con safe,#2CBDFE,0
E14000638,Christchurch,South West,con safe,#2CBDFE,0
E14000665,Devizes,South West,con safe,#2CBDFE,0
E14000678,East Devon,South West,con safe,#2CBDFE,0
E14000698,Exeter,South West,lab safe,#2CBDFE,0
E14000702,Filton and Bradley Stoke,South West,con lab marginal,#2CBDFE,0
E14000705,Forest of Dean,South West,con safe,#2CBDFE,0
E14000712,Gloucester,South West,con safe,#2CBDFE,0
E14000774,Kingswood,South West,con safe,#2CBDFE,0
E14000815,Mid Dorset and North Poole,South West,con safe,#2CBDFE,0
E14000835,Newton Abbot,South West,con safe,#2CBDFE,0
E14000837,North Cornwall,South West,con safe,#2CBDFE,0
E14000838,North Devon,South West,con safe,#2CBDFE,0
E14000839,North Dorset,South West,con safe,#2CBDFE,0
E14000846,North East Somerset,South West,con safe,#2CBDFE,0
E14000850,North Somerset,South West,con safe,#2CBDFE,0
E14000851,North Swindon,South West,con safe,#2CBDFE,0
E14000860,North Wiltshire,South West,con safe,#2CBDFE,0
E14000879,"Plymouth, Moor View",South West,con safe,#2CBDFE,0
E14000880,"Plymouth, Sutton and Devonport",South West,con lab marginal,#2CBDFE,0
E14000881,Poole,South West,con safe,#2CBDFE,0
E14000912,Salisbury,South West,con safe,#2CBDFE,0
E14000932,Somerton and Frome,South West,con safe,#2CBDFE,0
E14000936,South Dorset,South West,con safe,#2CBDFE,0
E14000938,South East Cornwall,South West,con safe,#2CBDFE,0
E14000947,South Swindon,South West,con lab marginal,#2CBDFE,0
E14000950,South West Devon,South West,con safe,#2CBDFE,0
E14000954,South West Wiltshire,South West,con safe,#2CBDFE,0
E14000961,St Austell and Newquay,South West,con safe,#2CBDFE,0
E14000964,St Ives,South West,con ld marginal,#2CBDFE,0
E14000980,Stroud,South West,con lab marginal,#2CBDFE,0
E14000988,Taunton Deane,South West,con safe,#2CBDFE,0
E14000990,Tewkesbury,South West,con safe,#2CBDFE,0
E14000991,The Cotswolds,South West,con safe,#2CBDFE,0
E14000994,Thornbury and Yate,South West,con ld marginal,#2CBDFE,0
E14000996,Tiverton and Honiton,South West,con safe,#2CBDFE,0
E14000999,Torbay,South West,con safe,#2CBDFE,0
E14001000,Torridge and West Devon,South West,con safe,#2CBDFE,0
E14001001,Totnes,South West,con safe,#2CBDFE,0
E14001003,Truro and Falmouth,South West,con lab marginal,#2CBDFE,0
E14001026,Wells,South West,con ld marginal,#2CBDFE,0
E14001031,West Dorset,South West,con safe,#2CBDFE,0
E14001038,Weston-Super-Mare,South West,con safe,#2CBDFE,0
E14001060,Yeovil,South West,con safe,#2CBDFE,0
S14000001,Aberdeen North,Scotland,snp safe,#2CBDFE,0
S14000002,Aberdeen South,Scotland,con snp marginal,#2CBDFE,0
S14000003,Airdrie and Shotts,Scotland,lab snp marginal,#2CBDFE,0
S14000004,Angus,Scotland,con snp marginal,#2CBDFE,0
S14000005,Argyll and Bute,Scotland,con snp marginal,#2CBDFE,0
S14000006,"Ayr, Carrick and Cumnock",Scotland,con snp marginal,#2CBDFE,0
S14000007,Banff and Buchan,Scotland,con snp marginal,#2CBDFE,0
S14000008,"Berwickshire, Roxburgh and Selkirk",Scotland,con snp marginal,#2CBDFE,0
S14000009,"Caithness, Sutherland and Easter Ross",Scotland,ld snp marginal,#2CBDFE,0
S14000010,Central Ayrshire,Scotland,con snp marginal,#2CBDFE,0
S14000011,"Coatbridge, Chryston and Bellshill",Scotland,lab snp marginal,#2CBDFE,0
S14000012,"Cumbernauld, Kilsyth and Kirkintilloch East",Scotland,snp safe,#2CBDFE,0
S14000013,Dumfries and Galloway,Scotland,con snp marginal,#2CBDFE,0
S14000014,"Dumfriesshire, Clydesdale and Tweeddale",Scotland,con snp marginal,#2CBDFE,0
S14000015,Dundee East,Scotland,snp safe,#2CBDFE,0
S14000016,Dundee West,Scotland,snp safe,#2CBDFE,0
S14000017,Dunfermline and West Fife,Scotland,con snp marginal,#2CBDFE,0
S14000018,East Dunbartonshire,Scotland,ld snp marginal,#2CBDFE,0
S14000019,"East Kilbride, Strathaven and Lesmahagow",Scotland,snp safe,#2CBDFE,0
S14000020,East Lothian,Scotland,lab snp marginal,#2CBDFE,0
S14000021,East Renfrewshire,Scotland,con snp marginal,#2CBDFE,0
S14000022,Edinburgh East,Scotland,snp safe,#47DBCD,1
S14000023,Edinburgh North and Leith,Scotland,snp safe,#47DBCD,1
S14000024,Edinburgh South,Scotland,lab safe,#2CBDFE,0
S14000025,Edinburgh South West,Scotland,snp safe,#2CBDFE,0
S14000026,Edinburgh West,Scotland,ld snp marginal,#2CBDFE,0
S14000027,Na h-Eileanan An Iar,Scotland,snp safe,#2CBDFE,0
S14000028,Falkirk,Scotland,snp safe,#2CBDFE,0
S14000029,Glasgow Central,Scotland,snp safe,#47DBCD,1
S14000030,Glasgow East,Scotland,lab snp marginal,#2CBDFE,0
S14000031,Glasgow North,Scotland,snp safe,#47DBCD,1
S14000032,Glasgow North East,Scotland,lab snp marginal,#2CBDFE,0
S14000033,Glasgow North West,Scotland,snp safe,#2CBDFE,0
S14000034,Glasgow South,Scotland,snp safe,#2CBDFE,0
S14000035,Glasgow South West,Scotland,snp safe,#2CBDFE,0
S14000036,Glenrothes,Scotland,snp safe,#2CBDFE,0
S14000037,Gordon,Scotland,con snp marginal,#2CBDFE,0
S14000038,Inverclyde,Scotland,snp safe,#2CBDFE,0
S14000039,"Inverness, Nairn, Badenoch and Strathspey",Scotland,snp safe,#2CBDFE,0
S14000040,Kilmarnock and Loudoun,Scotland,snp safe,#2CBDFE,0
S14000041,Kirkcaldy and Cowdenbeath,Scotland,lab snp marginal,#2CBDFE,0
S14000042,Lanark and Hamilton East,Scotland,con snp marginal,#2CBDFE,0
S14000043,Linlithgow and East Falkirk,Scotland,con snp marginal,#2CBDFE,0
S14000044,Livingston,Scotland,snp safe,#2CBDFE,0
S14000045,Midlothian,Scotland,lab snp marginal,#2CBDFE,0
S14000046,Moray,Scotland,con snp marginal,#2CBDFE,0
S14000047,Motherwell and Wishaw,Scotland,lab snp marginal,#2CBDFE,0
S14000048,North Ayrshire and Arran,Scotland,con snp marginal,#2CBDFE,0
S14000049,North East Fife,Scotland,ld snp marginal,#2CBDFE,0
S14000050,Ochil and South Perthshire,Scotland,con snp marginal,#2CBDFE,0
S14000051,Orkney and Shetland,Scotland,ld snp marginal,#2CBDFE,0
S14000052,Paisley and Renfrewshire North,Scotland,snp safe,#2CBDFE,0
S14000053,Paisley and Renfrewshire South,Scotland,snp safe,#2CBDFE,0
S14000054,Perth and North Perthshire,Scotland,con snp marginal,#2CBDFE,0
S14000055,"Ross, Skye and Lochaber",Scotland,snp safe,#2CBDFE,0
S14000056,Rutherglen and Hamilton West,Scotland,lab snp marginal,#2CBDFE,0
S14000057,Stirling,Scotland,con snp marginal,#2CBDFE,0
S14000058,West Aberdeenshire and Kincardine,Scotland,con snp marginal,#2CBDFE,0
S14000059,West Dunbartonshire,Scotland,lab snp marginal,#2CBDFE,0
W07000041,Ynys Mon,Wales,con lab marginal,#2CBDFE,0
W07000042,Delyn,Wales,con lab marginal,#2CBDFE,0
W07000043,Alyn and Deeside,Wales,con lab marginal,#2CBDFE,0
W07000044,Wrexham,Wales,con lab marginal,#2CBDFE,0
W07000045,Llanelli,Wales,lab safe,#2CBDFE,0
W07000046,Gower,Wales,con lab marginal,#2CBDFE,0
W07000047,Swansea West,Wales,lab safe,#2CBDFE,0
W07000048,Swansea East,Wales,lab safe,#2CBDFE,0
W07000049,Aberavon,Wales,lab safe,#2CBDFE,0
W07000050,Cardiff Central,Wales,lab safe,#47DBCD,1
W07000051,Cardiff North,Wales,con lab marginal,#2CBDFE,0
W07000052,Rhondda,Wales,lab safe,#2CBDFE,0
W07000053,Torfaen,Wales,con lab marginal,#2CBDFE,0
W07000054,Monmouth,Wales,con safe,#2CBDFE,0
W07000055,Newport East,Wales,con lab marginal,#2CBDFE,0
W07000056,Newport West,Wales,con lab marginal,#2CBDFE,0
W07000057,Arfon,Wales,pc safe,#2CBDFE,0
W07000058,Aberconwy,Wales,con lab marginal,#2CBDFE,0
W07000059,Clwyd West,Wales,con safe,#2CBDFE,0
W07000060,Vale of Clwyd,Wales,con lab marginal,#2CBDFE,0
W07000061,Dwyfor Meirionnydd,Wales,pc safe,#2CBDFE,0
W07000062,Clwyd South,Wales,con lab marginal,#2CBDFE,0
W07000063,Montgomeryshire,Wales,con safe,#2CBDFE,0
W07000064,Ceredigion,Wales,ld pc marginal,#2CBDFE,0
W07000065,Preseli Pembrokeshire,Wales,con lab marginal,#2CBDFE,0
W07000066,Carmarthen West and Pembrokeshire South,Wales,con lab marginal,#2CBDFE,0
W07000067,Carmarthen East and Dinefwr,Wales,con pc marginal,#2CBDFE,0
W07000068,Brecon and Radnorshire,Wales,con ld marginal,#2CBDFE,0
W07000069,Neath,Wales,lab safe,#2CBDFE,0
W07000070,Cynon Valley,Wales,lab safe,#2CBDFE,0
W07000071,Merthyr Tydfil and Rhymney,Wales,lab safe,#2CBDFE,0
W07000072,Blaenau Gwent,Wales,lab safe,#2CBDFE,0
W07000073,Bridgend,Wales,con lab marginal,#2CBDFE,0
W07000074,Ogmore,Wales,lab safe,#2CBDFE,0
W07000075,Pontypridd,Wales,lab safe,#2CBDFE,0
W07000076,Caerphilly,Wales,lab safe,#2CBDFE,0
W07000077,Islwyn,Wales,lab safe,#2CBDFE,0
W07000078,Vale of Glamorgan,Wales,con lab marginal,#2CBDFE,0
W07000079,Cardiff West,Wales,lab safe,#2CBDFE,0
W07000080,Cardiff South and Penarth,Wales,lab safe,#2CBDFE,0
